2 22.956710
3 21.722828
4 27.086570
5 32.235939
6 32.445398
7 32.595168
8 32.698003
9 49.783324
10 49.851004
11 49.892255
12 49.939577
13 50.022748
14 50.011530
15 50.049854
16 50.067736
17 50.096613
18 50.147005
19 50.129900
20 50.143900
21 50.158923
22 50.217977
23 50.186497
24 50.200480
25 50.206624
26 50.249990
27 50.224884
28 50.231862
29 50.241722
30 50.247126
31 50.308284
32 50.261750
33 50.669560
34 50.815555
35 50.820738
36 50.795164
37 50.795088
38 50.781107
39 50.784541
40 50.780358
41 50.755214
42 50.748602
43 50.741578
44 50.748931
45 50.730769
46 50.714424
47 50.718197
48 50.855125
49 50.702846
50 50.725452
51 50.690508
52 50.769185
53 50.672583
54 50.672158
55 50.678980
56 50.673676
57 50.750411
58 50.655259
59 50.671916
60 50.662873
61 50.732074
62 50.642857
63 50.650576
64 50.636095
65 50.724302
66 50.634423
67 50.632565
68 50.654372
69 50.625547
70 50.710144
71 50.693876
72 50.626828
73 50.617794
74 50.700160
75 50.607160
76 50.633193
77 50.609000
78 50.598877
79 50.688880
80 50.603552
81 50.608224
82 50.595815
83 50.678792
84 50.597678
85 50.615776
86 50.608228
87 50.674658
88 50.589847
89 50.594211
90 50.578721
91 50.589176
92 50.668744
93 50.580493
94 50.604325
95 50.578234
96 50.660757
97 50.577044
98 50.579186
99 50.560690
100 50.754364
101 50.571905
102 50.595208
103 50.568495
104 50.567901
105 50.652957
106 50.564149
107 50.567867
108 50.556355
109 50.645628
110 50.562885
111 50.582820
112 50.558424
113 50.629582
114 50.555971
115 50.554167
116 50.554297
117 50.635019
118 50.556116
119 50.556299
120 50.594935
121 50.547206
122 50.633388
123 50.548715
124 50.552755
125 50.546315
126 50.632994
127 50.543587
128 50.546516
129 50.567258
130 50.538359
131 50.625883
132 50.546691
133 50.545517
134 50.537256
135 50.626631
136 50.541497
137 50.564847
138 50.539353
139 50.725254
140 50.536955
141 50.542225
142 50.534594
143 50.536002
144 50.618287
145 50.534193
146 50.555202
147 50.534111
148 50.609712
149 50.532554
150 50.534120
151 50.530577
152 50.608885
153 50.534072
154 50.533966
155 50.551992
156 50.526700
157 50.610526
158 50.529199
159 50.535001
160 50.523744
161 50.610261
162 50.517070
163 50.547332
164 50.576088
165 50.536787
166 50.608357
167 50.527159
168 50.529188
169 50.513631
170 50.607707
171 50.522312
172 50.546172
173 50.518670
174 50.615974
175 50.525439
176 50.524708
177 50.517012
178 50.517591
179 50.603135
180 50.516178
181 50.541809
182 50.521841
183 50.599678
184 50.516575
185 50.518583
186 50.512500
187 50.595692
188 50.518347
189 50.561139
190 50.513171
191 50.510979
192 50.595783
193 50.515102
194 50.517411
195 50.510576
196 50.595478
197 50.516744
198 50.537403
199 50.511483
200 50.593087
201 50.509620
202 50.519354
203 50.510916
204 50.505328
205 50.595512
206 50.509287
207 50.542224
208 50.507209
209 50.596746
210 50.525205
211 50.515781
212 50.506468
213 50.699738
214 50.516516
215 50.507236
216 50.534456
217 50.505688
218 50.589416
219 50.512438
220 50.509110
221 50.504247
222 50.596947
223 50.510163
224 50.532627
225 50.503072
226 50.588955
227 50.503707
228 50.504755
229 50.507170
230 50.502078
231 50.585702
232 50.503416
233 50.526434
234 50.498594
235 50.583753
236 50.502198
237 50.506538
238 50.501409
239 50.501058
240 50.591796
241 50.503622
242 50.524923
243 50.498300
244 50.585196
245 50.503495
246 50.633067
247 50.504400
248 50.582744
249 50.498681
250 50.524020
251 50.499485
252 50.498032
253 50.582038
254 50.501430
255 50.501333
256 50.493097
257 50.551869
258 50.455814
259 50.471728
260 50.456776
261 50.564539
262 50.498396
263 50.505376
264 50.493642
265 50.495959
266 50.578468
267 50.496043
268 50.518338
269 50.498292
270 50.577826
271 50.494252
272 50.497947
273 50.493457
274 50.573404
275 50.494906
276 50.522257
277 50.493101
278 50.514295
279 50.576987
280 50.498924
281 50.496665
282 50.491976
283 50.575122
284 50.495344
285 50.523584
286 50.492258
287 50.574882
288 50.490454
289 50.493525
290 50.497128
291 50.489872
292 50.572852
293 50.494960
294 50.518153
295 50.483744
296 50.566653
297 50.489338
298 50.499995
299 50.492250
300 50.572460
301 50.489682
302 50.493768
303 50.511535
304 50.486417
305 50.575096
306 50.494133
307 50.492495
308 50.488053
309 50.575419
310 50.489859
311 50.627062
312 50.487656
313 50.489347
314 50.573607
315 50.490770
316 50.492907
317 50.484433
318 50.571448
319 50.486684
320 50.510402
321 50.486845
322 50.571163
323 50.488105
324 50.495540
325 50.486968
326 50.571443
327 50.489388
328 50.491866
329 50.512897
330 50.483304
331 50.566954
332 50.489195
333 50.491945
334 50.487855
335 50.565862
336 50.487742
337 50.486783
338 50.511206
339 50.484897
340 50.570234
341 50.490682
342 50.491618
343 50.485518
344 50.567728
345 50.486866
346 50.517604
347 50.485760
348 50.574035
349 50.486020
350 50.497279
351 50.481118
352 50.476369
353 50.680217
354 50.485027
355 50.513081
356 50.489077
357 50.572819
358 50.487814
359 50.493040
360 50.483212
361 50.569944
362 50.491179
363 50.496975
364 50.516768
365 50.489202
366 50.576489
367 50.492884
368 50.498188
369 50.487963
370 50.575310
371 50.495389
372 50.522627
373 50.493529
374 50.493727
375 50.582176
376 50.498453
377 50.501234
378 50.498984
379 50.578200
380 50.496404
381 50.525275
382 50.494990
383 50.579480
384 50.495517
385 51.302965
386 52.097607
387 52.924164
388 53.639413
389 54.390572
390 55.202801
391 55.926798
392 56.797533
393 57.469271
394 57.905751
395 58.123782
396 58.804349
397 59.868722
398 60.886914
399 62.586756
400 64.833429
401 67.158121
402 69.082688
403 71.691727
404 74.291982
405 77.378000
406 79.307108
407 82.825819
408 85.149396
409 89.245136
410 92.177521
411 94.812775
412 98.325181
413 102.096482
414 104.779014
415 107.741242
416 109.528019
417 109.828408
418 110.006185
419 110.230858
420 100.055160
421 104.742365
422 106.830699
423 109.286780
424 110.140620
425 110.018153
426 110.227689
427 110.275097
428 110.143793
429 110.179300
430 110.236831
431 110.398070
432 110.569451
433 110.469335
434 110.387369
435 110.421338
436 110.458636
437 110.843113
438 110.812130
439 110.863686
440 111.001409
441 111.098190
442 111.396540
443 111.184470
444 111.369641
445 111.385438
446 111.356346
447 111.677968
448 111.341254
449 111.310361
450 111.370529
451 111.513965
452 111.345196
453 111.304049
454 111.195738
455 111.399338
456 110.966593
457 111.483013
458 111.183998
459 110.943305
460 111.443322
461 111.571228
462 111.659697
463 111.770467
464 111.702813
465 111.737690
466 111.741103
467 111.837811
468 111.658555
469 111.808039
470 111.790093
471 111.859196
472 111.911584
473 111.857520
474 111.908620
475 111.943273
476 111.937213
477 111.952949
478 112.003463
479 112.053427
480 112.116393
481 112.160565
482 112.276502
483 112.260577
484 112.212632
485 112.144107
486 112.212574
487 112.115310
488 112.584389
489 112.258660
490 112.230199
491 112.393897
492 112.444870
493 112.209685
494 112.451298
495 112.545879
496 112.415055
497 112.332684
498 112.641690
499 112.317961
500 112.360630
501 112.320208
502 112.255395
503 112.030849
504 112.386671
505 112.334523
506 112.230183
507 112.144970
508 112.388729
509 112.324654
510 112.415911
511 112.579472
512 112.680432
513 112.680970
514 112.765314
515 112.508259
516 112.583097
517 112.414158
518 112.430186
519 112.333701
520 112.587744
521 112.644030
522 112.786642
523 112.824902
524 112.737897
525 112.800338
526 112.744394
527 112.798594
528 112.771645
529 112.783285
530 112.730168
531 112.783651
532 113.000330
533 113.236833
534 112.953573
535 113.004142
536 113.049669
537 113.072771
538 113.006390
539 113.088851
540 112.984291
541 113.065594
542 113.026575
543 113.188724
544 113.157571
545 113.235899
546 113.163531
547 113.271671
548 113.129856
549 113.270413
550 113.207243
551 113.248164
552 113.229574
553 113.305913
554 113.656770
555 113.243048
556 113.057381
557 113.150075
558 113.042223
559 113.051572
560 113.067518
561 113.258379
562 113.124414
563 113.119642
564 113.024791
565 113.032015
566 113.050411
567 113.187963
568 113.220897
569 113.049697
570 113.207724
571 112.994541
572 113.078858
573 113.015552
574 113.068836
575 113.165179
576 113.092124
577 113.236376
578 113.111910
579 112.970958
580 113.115527
581 113.083110
582 113.193609
583 113.114355
584 113.228635
585 113.127462
586 113.204449
587 113.129771
588 113.236472
589 113.123560
590 113.211463
591 113.158697
592 113.219087
593 113.374459
594 113.147335
595 113.389145
596 113.353564
597 113.391962
598 113.343666
599 113.372577
600 113.332749
601 113.400829
602 113.348874
603 113.407291
604 113.337883
605 113.502586
606 113.340516
607 113.333450
608 113.345574
609 113.301953
610 113.324907
611 113.276855
612 113.282610
613 113.365871
614 113.273793
615 113.278510
616 113.263898
617 113.279671
618 113.277691
619 113.286183
620 113.288592
621 113.274841
622 113.283222
623 113.298559
624 113.278519
625 113.266122
626 113.270423
627 113.279842
628 113.396911
629 113.548620
630 113.354290
631 113.297635
632 113.291274
633 113.267204
634 113.264494
635 113.277891
636 113.259844
637 113.343840
638 113.254417
639 113.251260
640 113.243664
641 113.261909
642 113.265651
643 113.288477
644 113.492521
645 113.285943
646 113.253047
647 113.249634
648 113.245425
649 113.258829
650 113.251801
651 113.260916
652 113.273583
653 113.267233
654 113.289532
655 113.290535
656 113.282284
657 113.250653
658 113.268915
659 113.270248
660 113.251927
661 113.236207
662 113.263941
663 113.257108
664 113.270819
665 113.238627
666 113.290113
667 113.255515
668 113.262154
669 113.422905
670 113.272469
671 113.332326
672 113.243515
673 113.247521
674 113.304316
675 113.258586
676 113.237584
677 113.246960
678 113.664463
679 113.739145
680 113.586701
681 113.475458
682 113.463429
683 113.374416
684 113.264442
685 113.263433
686 113.250133
687 113.252382
688 113.236728
689 113.284456
690 113.287518
691 113.253020
692 113.244440
693 113.202200
694 113.244315
695 113.237934
696 113.302090
697 113.242405
698 113.279678
699 113.242723
700 113.285907
701 113.341545
702 113.321170
703 113.262703
704 113.228539
705 113.066851
706 113.320974
707 113.228999
708 113.311388
709 113.215289
710 113.287735
711 113.231114
712 113.303219
713 113.203015
714 113.332933
715 113.231929
716 113.290232
717 113.233570
718 113.291103
719 113.234722
720 113.320436
721 113.298294
722 113.179888
723 113.217067
724 113.492969
725 113.475306
726 113.216581
727 113.277234
728 113.208245
729 113.256496
730 113.225736
731 113.295222
732 113.306621
733 113.292109
734 113.227962
735 113.271978
736 113.188090
737 113.301585
738 113.238456
739 113.308175
740 113.189348
741 113.269636
742 113.238511
743 113.309663
744 113.200496
745 113.283599
746 113.225641
747 113.262954
748 113.175859
749 113.270340
750 113.304622
751 113.260398
752 113.201946
753 113.302371
754 113.234269
755 113.284499
756 113.588790
757 113.332862
758 113.242650
759 113.314457
760 113.308257
761 113.258858
762 113.296527
763 113.213619
764 113.415010
765 113.226842
766 113.298091
767 113.237537
768 113.330534
769 113.238660
770 113.286681
771 113.253047
772 113.337121
773 113.268689
774 113.357395
775 113.268294
776 113.344231
777 113.281997
778 113.363402
779 113.267152
780 113.349399
781 113.303318
782 113.365791
783 113.288932
784 113.344271
785 113.332909
786 113.398298
787 113.289561
788 113.378064
789 113.346973
790 113.380861
791 113.401348
792 113.332323
793 113.357838
794 113.305398
795 113.390989
796 113.346558
797 113.385886
798 113.303302
799 113.379953
800 113.345646
801 113.361589
802 113.302183
803 113.388406
804 113.324280
805 113.377788
806 113.383170
807 113.380099
808 113.314771
809 113.379794
810 113.299316
811 113.379154
812 113.310375
813 113.378872
814 113.278764
815 113.384489
816 113.343231
817 113.377866
818 113.359189
819 113.411001
820 113.316111
821 113.373453
822 113.312119
823 113.384813
824 113.315330
825 113.394789
826 113.371068
827 113.432728
828 113.369944
829 113.299466
830 113.382793
831 113.338419
832 113.362717
833 113.311147
834 113.352860
835 113.484159
836 113.519440
837 113.456090
838 113.724328
839 113.666869
840 113.581883
841 113.605740
842 113.520632
843 113.503946
844 113.469027
845 113.261461
846 113.360171
847 113.266418
848 113.354742
849 113.324049
850 113.322777
851 113.265900
852 113.279281
853 113.255058
854 113.270092
855 113.260393
856 113.272888
857 113.321576
858 113.265217
859 113.301354
860 113.234242
861 113.312038
862 113.249452
863 113.303550
864 113.214004
865 113.294050
866 113.253952
867 113.308084
868 113.244318
869 113.422775
870 113.258612
871 113.321441
872 113.229553
873 113.320253
874 113.258069
875 113.312520
876 113.228206
877 113.309096
878 113.273794
879 113.306482
880 113.229971
881 113.307721
882 113.265258
883 113.302861
884 113.215196
885 113.306348
886 113.241837
887 113.299978
888 113.224032
889 113.307394
890 113.250027
891 113.329132
892 113.327184
893 113.246509
894 113.312324
895 113.242368
896 113.292172
897 113.268118
898 113.330060
899 113.245811
900 113.329510
901 113.280739
902 113.332299
903 113.256136
904 113.334579
905 113.294396
906 113.339017
907 113.253367
908 113.329246
909 113.265831
910 113.426327
911 113.210340
912 113.297723
913 113.249919
914 113.303767
915 113.231460
916 113.304690
917 113.233624
918 113.301009
919 113.217411
920 113.285223
921 113.234791
922 113.302437
923 113.219941
924 113.315959
925 113.304624
926 113.215858
927 113.294088
928 113.247247
929 113.300302
930 113.222063
931 113.294141
932 113.246089
933 113.312998
934 113.216080
935 113.304177
936 113.250532
937 113.298993
938 113.279945
939 113.369457
940 113.269856
941 113.258951
942 113.233090
943 113.234055
944 113.223109
945 113.184473
946 113.238954
947 113.247719
948 113.279977
949 113.292178
950 113.218705
951 113.399378
952 113.218620
953 113.294076
954 113.205457
955 113.283685
956 113.221232
957 113.265865
958 113.272652
959 113.203146
960 113.274136
961 113.190302
962 113.259716
963 113.211194
964 113.265820
965 113.188244
966 113.250893
967 113.195245
968 113.259899
969 113.182676
970 113.264416
971 113.202534
972 113.273740
973 113.205083
974 113.432954
975 113.372202
976 113.445083
977 113.317469
978 113.421176
979 113.209088
980 113.256709
981 113.174554
982 113.285554
983 113.197582
984 113.204548
985 113.214857
986 113.217692
987 113.182153
988 113.218967
989 113.207183
990 113.210090
991 113.197379
992 113.313951
993 113.365460
994 113.230186
995 113.188020
996 113.340640
997 113.249832
998 113.205665
999 113.205546
1000 113.188990
1001 113.210067
1002 113.211276
1003 113.202955
1004 113.194533
1005 113.367524
1006 113.323206
1007 113.191489
1008 113.215691
1009 113.289816
1010 113.216375
1011 113.297992
1012 113.211900
1013 113.294594
1014 113.264371
1015 113.322284
1016 113.219846
1017 113.307514
1018 113.255594
1019 113.307853
1020 113.232995
1021 113.295523
1022 113.232072
1023 113.312748
1024 113.219882
1025 113.360671
1026 113.304045
1027 113.256499
1028 113.380529
1029 113.267692
1030 113.316161
1031 113.228974
1032 113.318339
1033 113.295142
1034 113.439798
1035 113.262310
1036 113.496562
1037 113.408905
1038 113.519921
1039 113.401211
1040 113.351401
1041 113.282370
1042 113.502168
1043 113.817892
1044 113.970245
1045 113.359554
1046 113.283625
1047 113.274953
1048 113.287934
1049 113.269889
1050 113.271320
1051 113.269048
1052 113.358721
1053 113.283261
1054 113.292046
1055 113.295741
1056 113.298397
1057 113.278182
1058 113.301263
1059 113.291625
1060 113.275449
1061 113.273712
1062 113.298841
1063 113.345683
1064 113.304685
1065 113.373126
1066 113.287158
1067 113.348454
1068 113.300956
1069 113.334705
1070 113.259430
1071 113.340862
1072 113.287660
1073 113.331795
1074 113.273194
1075 113.446272
1076 113.273243
1077 113.342325
1078 113.298622
1079 113.357037
1080 113.293229
1081 113.349670
1082 113.261484
1083 113.356848
1084 113.297511
1085 113.380527
1086 113.284670
1087 113.372506
1088 113.331878
1089 113.373014
1090 113.291107
1091 113.397945
1092 113.358750
1093 113.425877
1094 113.505581
1095 113.451089
1096 113.467397
1097 113.309654
1098 113.429988
1099 113.432471
1100 113.352094
1101 113.301976
1102 113.304633
1103 113.314725
1104 113.295744
1105 113.302740
1106 113.323928
1107 113.292626
1108 113.303031
1109 113.258720
1110 113.301579
1111 113.311108
1112 113.295194
1113 113.304938
1114 113.291416
1115 113.274507
1116 113.418451
1117 113.314228
1118 113.314744
1119 113.316145
1120 113.287259
1121 113.313638
1122 113.327982
1123 113.334279
1124 113.322728
1125 113.338449
1126 113.331255
1127 113.340879
1128 113.325116
1129 113.323565
1130 113.335300
1131 113.317891
1132 113.329500
1133 113.319318
1134 113.330442
1135 113.328943
1136 113.329831
1137 113.472919
1138 113.339232
1139 113.325710
1140 113.352898
1141 113.416514
1142 113.350008
1143 113.377736
1144 113.327657
1145 113.393468
1146 113.336589
1147 113.376261
1148 113.306638
1149 113.403802
1150 113.315387
1151 113.367252
1152 113.317510
1153 113.382352
1154 113.309755
1155 113.361123
1156 113.306328
1157 113.504702
1158 113.348178
1159 113.292724
1160 113.350764
1161 113.287419
1162 113.360878
1163 113.283971
1164 113.368930
1165 113.309110
1166 113.352042
1167 113.262198
1168 113.367831
1169 113.296269
1170 113.458549
1171 113.315064
1172 113.341757
1173 113.378836
1174 113.337225
1175 113.287864
1176 113.330595
1177 113.389688
1178 113.465203
1179 113.298419
1180 113.320327
1181 113.270533
1182 113.310605
1183 113.226901
1184 113.311206
1185 113.252838
1186 113.310497
1187 113.327717
1188 113.233427
1189 113.252773
1190 113.317355
1191 113.310718
1192 113.252238
1193 113.311533
1194 113.222083
1195 113.306640
1196 113.239668
1197 113.291936
1198 113.221249
1199 113.393273
1200 113.266059
1201 113.294360
1202 113.219080
1203 113.316310
1204 113.235608
1205 113.300693
1206 113.206860
1207 113.304331
1208 113.237814
1209 113.633195
1210 113.231376
1211 113.291342
1212 113.212817
1213 113.286737
1214 113.219646
1215 113.293233
1216 113.243167
1217 113.316031
1218 113.241145
1219 113.351163
1220 113.262937
1221 113.247171
1222 113.247520
1223 113.232105
1224 113.237864
1225 113.233469
1226 113.209045
1227 113.242324
1228 113.206835
1229 113.237476
1230 113.230540
1231 113.216603
1232 113.222813
1233 113.225430
1234 113.307503
1235 113.248741
1236 113.285078
1237 113.378611
1238 113.361042
1239 113.293366
1240 113.231965
1241 113.241347
1242 113.232205
1243 113.253238
1244 113.239424
1245 113.233777
1246 113.251123
1247 113.252870
1248 113.235577
1249 113.298444
1250 113.266592
1251 113.238860
1252 113.348096
1253 113.227897
1254 113.321627
1255 113.241888
1256 113.321366
1257 113.267720
1258 113.253332
1259 113.221278
1260 113.239420
1261 113.252172
1262 113.232470
1263 113.230736
1264 113.229267
1265 113.262647
1266 113.261136
1267 113.294862
1268 113.217309
1269 113.311833
1270 113.237542
1271 113.290285
1272 113.215767
1273 113.326178
1274 113.247762
1275 113.303983
1276 113.213193
1277 113.290417
1278 113.224546
1279 113.272468
1280 113.213225
1281 113.269355
1282 113.215194
1283 113.248003
1284 113.187749
1285 113.266142
1286 113.208948
1287 113.266644
1288 113.246819
1289 113.281860
1290 113.187778
1291 113.250659
1292 113.281468
1293 113.191709
1294 113.243273
1295 113.192830
1296 113.253339
1297 113.208640
1298 113.248101
1299 113.189687
1300 113.266314
1301 113.203511
1302 113.263016
1303 113.191433
1304 113.279217
1305 113.210595
1306 113.375242
1307 113.197218
1308 113.272895
1309 113.199429
1310 113.264895
1311 113.199883
1312 113.291688
1313 113.227660
1314 113.278702
1315 113.211493
1316 113.292879
1317 113.207218
1318 113.268394
1319 113.190162
1320 113.288669
1321 113.214098
1322 113.271966
1323 113.174473
1324 113.290772
1325 113.293515
1326 113.197723
1327 113.283779
1328 113.233750
1329 113.269194
1330 113.191666
1331 113.286351
1332 113.196321
1333 113.270133
1334 113.193214
1335 113.272873
1336 113.225359
1337 113.270527
1338 113.196148
1339 113.295607
1340 113.219132
1341 113.279077
1342 113.209587
1343 113.289396
1344 113.229624
1345 113.257081
1346 113.199851
1347 113.279602
1348 113.235811
1349 113.275558
1350 113.207620
1351 113.280369
1352 113.211162
1353 113.278656
1354 113.202489
1355 113.299736
1356 113.224396
1357 113.289670
1358 113.289265
1359 113.464187
1360 113.271614
1361 113.215385
1362 113.492523
1363 113.331924
1364 113.299751
1365 113.232478
1366 113.333333
1367 113.277396
1368 113.317006
1369 113.229165
1370 113.328628
1371 113.337859
1372 113.324170
1373 113.228556
1374 113.313734
1375 113.260245
1376 113.293504
1377 113.320195
1378 113.390756
1379 113.340059
1380 113.393023
1381 113.329848
1382 113.394953
1383 113.430707
1384 113.398658
1385 113.330540
1386 113.396062
1387 113.326156
1388 113.383963
1389 113.340128
1390 113.390262
1391 113.354435
1392 113.487507
1393 113.403682
1394 113.365619
1395 113.375841
1396 113.313856
1397 113.485183
1398 113.430547
1399 113.465583
1400 113.426098
1401 113.423224
1402 113.326332
1403 113.370438
1404 113.337497
1405 113.393339
1406 113.357237
1407 113.402106
1408 113.304269
1409 113.382190
1410 113.325240
1411 113.373518
1412 113.301491
1413 113.511516
1414 113.381668
1415 113.377051
1416 113.307234
1417 113.414716
1418 113.337798
1419 113.506467
1420 113.337006
1421 113.409780
1422 113.320711
1423 113.380018
1424 113.393634
1425 113.321585
1426 113.390783
1427 113.296831
1428 113.368947
1429 113.339740
1430 113.375167
1431 113.296070
1432 113.385157
1433 113.324538
1434 113.374705
1435 113.289069
1436 113.390047
1437 113.400507
1438 113.472290
1439 113.345266
1440 113.380683
1441 113.306110
1442 113.378831
1443 113.277944
1444 113.342596
1445 113.303821
1446 113.368951
1447 113.284517
1448 113.374871
1449 113.308021
1450 113.363517
1451 113.291597
1452 113.358117
1453 113.301844
1454 113.370144
1455 113.321633
1456 113.352733
1457 113.380767
1458 113.282224
1459 113.467418
1460 113.400987
1461 113.376594
1462 113.271694
1463 113.427037
1464 113.396759
1465 113.389980
1466 113.252686
1467 113.450089
1468 113.307640
1469 113.430539
1470 113.286706
1471 113.356078
1472 113.315862
1473 113.383220
1474 113.299576
1475 113.360321
1476 113.329253
1477 113.370155
1478 113.269975
1479 113.342129
1480 113.303339
1481 113.437401
1482 113.333868
1483 113.349823
1484 113.299002
1485 113.438681
1486 113.388521
1487 113.418184
1488 113.283070
1489 113.364144
1490 113.418412
1491 113.370515
1492 113.434245
1493 113.338965
1494 113.360950
1495 113.300795
1496 113.432223
1497 113.308454
1498 113.335381
1499 113.320144
1500 113.382703
1501 113.287438
1502 113.437114
1503 113.365580
1504 113.428528
1505 113.253481
1506 113.375834
1507 113.324738
1508 113.354688
1509 113.287751
1510 113.486209
1511 113.581092
1512 113.575145
1513 113.423251
1514 113.435864
1515 113.332402
1516 113.352722
1517 113.253363
1518 113.354747
1519 113.280133
1520 113.484528
1521 113.279413
1522 113.389294
1523 113.344967
1524 113.299974
1525 113.362186
1526 113.306479
1527 113.350261
1528 113.286794
1529 113.405240
1530 113.318505
1531 113.360044
1532 113.314724
1533 113.407280
1534 113.370557
1535 113.421075
1536 113.341497
1537 113.394374
1538 113.321342
1539 113.408768
1540 113.267645
1541 113.379920
1542 113.310719
1543 113.377285
1544 113.285530
1545 113.470488
1546 113.383835
1547 113.414315
1548 113.290070
1549 113.397147
1550 113.404097
1551 113.394386
1552 113.303695
1553 113.410470
1554 113.334381
1555 113.426078
1556 113.471817
1557 113.369076
1558 113.385085
1559 113.351532
1560 113.429864
1561 113.391037
1562 113.371462
1563 113.327133
1564 113.394653
1565 113.402680
1566 113.422411
1567 113.363459
1568 113.377687
1569 113.365671
1570 113.381913
1571 113.297592
1572 113.402974
1573 113.357263
1574 113.494678
1575 113.280510
1576 113.441321
1577 113.398058
1578 113.381364
1579 113.327551
1580 113.399346
1581 113.371920
1582 113.396057
1583 113.307631
1584 113.384471
1585 113.320138
1586 113.431164
1587 113.384260
1588 113.323406
1589 113.441087
1590 113.368355
1591 113.419872
1592 113.322221
1593 113.390602
1594 113.384881
1595 113.449786
1596 113.325988
1597 113.387280
1598 113.282793
1599 113.357088
1600 113.328060
1601 113.361512
1602 113.288172
1603 113.366377
1604 113.306523
1605 113.356527
1606 113.305032
1607 113.425986
1608 113.334779
1609 113.390253
1610 113.308694
1611 113.366094
1612 113.325346
1613 113.347792
1614 113.307908
1615 113.376413
1616 113.379148
1617 113.373542
1618 113.378690
1619 113.271254
1620 113.430028
1621 113.327561
1622 113.509464
1623 113.453340
1624 113.416087
1625 113.355197
1626 113.343684
1627 113.391866
1628 113.399643
1629 113.309115
1630 113.435270
1631 113.385062
1632 113.477608
1633 113.373838
1634 113.445360
1635 113.386628
1636 113.448902
1637 113.369278
1638 113.419630
1639 113.374140
1640 113.515012
1641 113.437602
1642 113.513898
1643 113.448671
1644 113.511295
1645 113.438342
1646 113.444813
1647 113.353596
1648 113.451965
1649 113.429854
1650 113.535272
1651 113.462634
1652 113.507662
1653 113.421513
1654 113.484828
1655 113.525984
1656 113.443192
1657 113.444120
1658 113.381816
1659 113.426660
1660 113.393171
1661 113.689472
1662 113.605623
1663 113.612965
1664 113.467501
1665 113.530516
1666 113.438774
1667 113.493471
1668 113.394144
1669 113.400492
1670 113.547753
1671 113.509943
1672 113.401027
1673 113.504142
1674 113.370093
1675 113.710561
1676 113.511493
1677 113.529970
1678 113.594237
1679 113.592968
1680 113.441832
1681 113.607949
1682 113.508891
1683 113.535902
1684 113.541859
1685 113.494761
1686 113.525071
1687 113.538110
1688 113.700925
1689 113.584055
1690 113.596442
1691 113.463107
1692 113.586103
1693 113.481471
1694 113.588382
1695 113.555982
1696 113.510973
1697 113.550258
1698 113.612174
1699 113.607752
1700 113.645032
1701 113.598634
1702 113.604260
1703 113.521345
1704 113.594047
1705 113.554817
1706 113.691141
1707 113.451917
1708 113.526770
1709 113.647592
1710 113.594274
1711 113.463811
1712 113.642719
1713 113.471225
1714 113.528058
1715 113.554162
1716 113.472375
1717 113.701008
1718 113.524438
1719 113.588897
1720 113.447009
1721 113.532649
1722 113.648716
1723 113.561678
1724 113.515992
1725 113.695844
1726 113.680433
1727 113.692211
1728 113.649891
1729 113.753848
1730 113.542498
1731 113.694749
1732 113.609014
1733 113.716003
1734 113.702370
1735 113.595671
1736 113.599020
1737 113.704338
1738 113.600553
1739 113.661337
1740 113.529348
1741 113.588612
1742 113.623918
1743 113.647587
1744 113.550392
1745 113.821056
1746 113.859352
1747 113.770333
1748 113.887045
1749 113.709922
1750 113.849789
1751 113.729182
1752 113.755079
1753 113.759010
1754 113.692727
1755 113.711302
1756 113.810923
1757 113.825965
1758 113.788369
1759 113.712016
1760 113.929191
1761 113.593726
1762 113.804494
1763 113.669883
1764 113.820164
1765 113.715976
1766 113.684209
1767 113.614542
1768 113.677899
1769 113.597628
1770 113.718974
1771 113.689231
1772 113.873243
1773 113.686359
1774 113.861983
1775 113.775467
1776 113.702531
1777 113.902434
1778 113.749397
1779 113.868740
1780 113.859167
1781 113.858139
1782 113.753501
1783 113.955057
1784 113.850959
1785 113.906472
1786 113.845242
1787 113.944253
1788 113.908847
1789 113.756300
1790 113.733127
1791 113.779097
1792 113.814814
1793 113.843414
1794 113.778466
1795 113.803432
1796 113.824949
1797 114.144390
1798 114.022085
1799 113.967177
1800 114.406892
1801 114.509661
1802 114.250944
1803 114.271307
1804 114.112327
1805 114.205858
1806 114.438632
1807 114.381752
1808 114.472373
1809 114.197539
1810 114.149141
1811 114.032674
1812 114.342615
1813 114.014784
1814 114.152981
1815 114.204501
1816 114.090329
1817 113.987665
1818 114.020491
1819 113.947444
1820 114.067126
1821 113.965485
1822 114.034011
1823 114.013044
1824 114.388352
1825 114.060619
1826 113.997477
1827 114.392749
1828 114.308685
1829 114.131440
1830 114.348574
1831 114.149779
1832 114.057879
1833 114.099476
1834 114.097297
1835 114.150129
1836 114.231882
1837 114.447997
1838 114.021396
1839 114.323870
1840 114.451521
1841 114.324819
1842 114.140812
1843 114.257154
1844 114.085774
1845 114.106775
1846 114.103596
1847 114.128339
1848 114.094516
1849 114.495828
1850 114.079425
1851 114.151042
1852 114.408409
1853 114.575911
1854 114.034208
1855 114.200452
1856 114.585826
1857 114.424380
1858 114.079679
1859 113.974462
1860 114.157627
1861 114.392461
1862 114.155396
1863 114.110176
1864 114.205013
1865 114.118579
1866 114.199416
1867 114.102854
1868 114.202123
1869 114.448815
1870 114.257451
1871 114.150359
1872 114.186185
1873 114.179854
1874 114.858534
1875 114.390465
1876 114.471681
1877 114.350276
1878 114.383136
1879 114.272279
1880 114.364139
1881 114.857574
1882 114.858139
1883 114.874343
1884 114.849875
1885 114.372011
1886 114.347874
1887 114.425520
1888 114.254047
1889 114.393477
1890 114.455890
1891 114.438488
1892 114.294778
1893 114.405317
1894 114.622932
1895 114.484204
1896 114.381812
1897 114.604622
1898 114.499336
1899 114.533297
1900 114.316475
1901 114.442885
1902 114.401444
1903 114.404784
1904 114.272002
1905 114.623685
1906 114.271025
1907 114.420686
1908 114.489909
1909 114.378714
1910 114.851230
1911 114.350352
1912 114.495860
1913 114.439782
1914 114.960617
1915 114.635051
1916 114.383490
1917 114.294687
1918 114.319037
1919 114.423409
1920 114.397831
1921 114.438321
1922 114.458479
1923 114.333196
1924 114.486422
1925 114.376832
1926 114.484144
1927 114.380811
1928 114.412691
1929 114.425174
1930 114.505150
1931 114.455425
1932 114.364021
1933 114.478642
1934 114.473884
1935 114.581688
1936 114.831898
1937 114.453196
1938 115.099956
1939 114.826422
1940 114.644899
1941 115.022787
1942 114.832322
1943 114.905595
1944 114.832561
1945 115.052562
1946 115.094905
1947 115.230719
1948 114.706770
1949 114.614081
1950 114.838553
1951 114.707621
1952 115.025100
1953 114.823588
1954 114.502979
1955 114.401244
1956 114.900044
1957 115.116049
1958 114.508105
1959 114.641881
1960 115.387716
1961 115.233228
1962 115.105543
1963 115.178997
1964 115.119081
1965 114.717025
1966 115.016222
1967 115.073911
1968 115.306425
1969 114.977810
1970 114.775999
1971 115.037491
1972 115.184230
1973 115.113841
1974 115.150702
1975 115.136244
1976 115.136458
1977 115.071942
1978 115.042799
1979 115.155692
1980 115.229862
1981 115.179959
1982 114.778940
1983 115.336739
1984 115.087706
1985 115.060986
1986 115.045867
1987 115.067000
1988 115.004079
1989 115.001172
1990 114.942976
1991 115.011503
1992 114.764924
1993 114.595839
1994 114.779075
1995 114.701640
1996 114.646693
1997 114.683193
1998 114.764493
1999 114.742038
